5041921314353617286940911243273869056076187939859330749809414460456100171630211790267839046746807831571711630293110492002027186416345913385477428586734619960372829446497092951591232359176282250749783211836103100172730465264718993071020354658637580910
3122336475062798592114456412539390596574134048043687609757211689415229039672035436589547427348919287918741311023949216847744925724421972876922381651102645831519274448158956799370906623907548094128712610301182039405061778192051227354971839603112635768
3958576113175552587097750900892481616518340558362392115213287372469724281138406593092471294261890667998014467157035847125956759883697075711079237324162755740263640426000031622314154647287920514283241546079849801102232445865778897473208686168940904154
7537498586386991835865972508511091867093088967847592674592316392256807719870994628514155173643256440446724338003229823701102338435764778597031624344759690714273675845527115685840799297787426917064257071037650615178503477578693861097130564424431776036
0711494348221870810763775889004152239495067718022041127397281958819831657427030411791185750660412344680958703545967196138391277702311425609628923369143307717736495442790984491249304162637426671890414213646758705142847738495867346717433988186311352842
9714829641342525680624949451584795959158399183865272760979460535739368317655765821792736785377840730639719536092809160019004217034475982008622761292697950815243947566776859706192335435863728495021424317180968194491896553301438342075518534605726601147
9006686945240756509861975751130203816462648814471223964956239262743649702295450143632975370958320183012340017293942586779899200142439435765718693041225374177819232401843656479313021109946763554469113110514466601208221137953020629076991293479609487798
6952223988864444246070782088368668651187836895000326678351435945411540971257940361775630114243647576972849807112335465063738290091229394652667682920672869096031149581066723423900450647431939931871728996272506739590858490532487415463779662216545305520
5884269710231871827263237687538449464551193861417540427758069668720884844232382050010213347536176839007122437415063798795011826334353718196899750730638166186461071645167482573841633453245712400580611932134243458567689409494741613738332448764368707956
5230414056126348595027529344052552983524467646670961885211520695231417692460105559204112430425762778390021128344159617589960117283778889768247418506928520054432105851472148634817513717900194048485171424492732469513294433692068875663804466734770616162
0973613829287295622649763005031306233500734756414525195860794091325334651677784930010203646758194081926315064788796010715051022380163976866592096154297537156677336124718323875379886888284814571221995827997373106795241101329641359011423304253647500122
7374756657381990718203443516795802163936212919399444239801448122793034396127046411483766202881782276627102451495660727551310421212670365324104241340605847031127695603531015469638576315902112838405565778096091823344355657188900216273747778194865170915
9088132574780380024190920588889583306444812691633063462943677459278019144843922717899587469448896669442192003641218674581916345605101220654675208192813788812483027892278953693021325344459657983940810223945576277810735445364728197610931471944028267007
7877879930440939576075182579484877950665439861967825992212209942349733319376560261324630824227119397444889523945266860704971910051129355364920611203943536371870011293541586373871701185034484107026897646356414443037193517233164841089894621180308784878
5884479791998807087963736585906719052675103691144131328872561105209102836425362758298061920311953697881011324304053687787906443216840755955477281962596349633882209988404536203120922553354388807045940364019563402823104672072141687187410368443290899726
7754313618948162865791696800067974999976728367917215137708603132638495661738294021529324457687387920119273646556475889765286950412200801270128837701171124940567649977728635532919802867296036737054467367601114886811021983915452894822984689524976631396
7301528500131115256978307990216293748546877809705192836495869758191031126374556627088926416999392494834851040162654079951390945911774454313817062048816812363290191172155465474785434022521267135154346370102497296728680709069341774926633331304276903516
3648773385983340716203874839207384071800514213747516575899850159690741902980753977717346730230094086913772087364976676938273085994284887418018677775293263614164451520543817745962236674814244812501298352704092794356409182137425267758891011023314450647
0819103132333425762768491860757606106840422397697427311901576150401491376527218383833166095774935082551276900829645345746851054930963486483164071527222280100137672925599859763818927306810209988935128682645824161560212203942567785041627334053637084900
1152930447583116184969107102644443775494143073484765480271371941819662514398966499748234447672552580320800267881873136370618477439236315687043079947371991760758609122930415661708796091629324551617785910414233141506773895111959171160897025396781073212
7346181098031270296016719765588344873646638899440781001857175599425374660101248535006438371439220366743224910524821084480641496312901042994386930670314233042556372859201182931415764778393051320304074889001873995596782469816791620966291121315278010280
2737551822691874060731066093467897300402675464820871751122756674239020904347703604386813890908028787917031423384956647083980618253245566973899308132032495964738493652758622755197118833382721573144777246559359398008076300037780819122411660054393167305
1909705122330405169718996051221394878899703192738455166768990630776377119387693744107066394596897855612503590813049035265304287086146861432430311902137775612792380790515986940172538163656354010608800829349922163051127395462728993001124435369758299031
6253741526172849607735606854716868717331284397493380696494006734122978374217685903611496351212026566173847553196141952993355931696401002050624998287942921507222637621889360339530201601564905933944756816274161374061921374358637780930415273246596176869
6011528304952677385911806455468633049422389120763479177223432912708953138991059223119657736798045032946012341718502710364913222448767071802677122907396588499686429891972535279375605131431854291465815856782910114223843546472879100132139465968788106172
7324154647481956664324925851707634893782530399033359017592439146470317088450021400079840673036295322345886107527358110985116579279179915266582660167350567830510315123385130014253343576571899302102034435664768199041622304855667782927644767134928280381
3508528786718592369491385765751148894103269383426276461545134368917615166861396786883317997030334749736082804150310071808487292220063296526219295051027344154638593051739465464708195011027374656697781901180637013357474913667042668408649510037962818115
3974327004843029360972528157492551315986908148644668084286834249828470991073336558041756925297372055915563303122731475561798606174177051945748393688321476383676273177809232908116056172905283848823172491876478030986973009060026815055655170514029844519
8740029164740926970418195081723357884001128354358608097091371906630359992511841235241769214572966397486561329696575818914883476000013530851228805423913842593905123605478129577112469080814213843596279899604162937467385980611263748768591571591920595045
3991079292532392206950069157754043740736862363486487517078879592718104853510248817347932037664215271457250840826710943522000528506795376737650212233648617181920113223947571371840219223618778184557795580681365046803400291701295289855532024846196711350
2346690387298780649823621747297511751298891669570684012230164161670273861418264466353082103556254061329187887174232278329719233920111233848556877829001142231415366708391051328394379889607021903172173563948420000689961662134464490177294527555692631114
8410799926213813338773299828342727360211292837289832534910778990860421519288421601351081125354850657187940810213344576672889001132630455965798090212175654907588101743258421988065820702039612912707990971920486472755543560616149390830324023556671781654
0620694286543339033070552245089818699473146278083701313356299451639877166963632714217941007610310203642556170809107304853637185950718203877869777660866626291000111339177378054811541875317031563013787932212764458228749711981066233239708437944384953070
0250317213540536477849000192437467087900612203174889780685908668699491599084686911142065358420474610316700969837797886004821276781431160801728591378644712933699624254961565119353271882557749989271239031126314452667184990210223746526879819602192348637
6879531840971190779585863960311060488314031130695513243973974679227435477211761449248994116292717322491473389212022172889645519667922143676529534857154710975468188317865929349854118006368061826384467738901142333455963778698001625385865794102722598452
9928043578183083554463136496158187283405376233467637977716302100613635636134677632422519014242276967692240542867602378646641445023363230243841830100695091124365760748108182232405864708103152636445363748297843372041472390192465322076021151517712644299
6790303785611186610882776440544205002301496151400689732008637956539061941536873839705172836425665728407122134415869748996196586999109182145433076434449083886705517588093255416196823133382674493200007176620565806228704628810779315932568756961827642922
8123631025156719273072377971336647287013951336001132339697980910816223540536575051128354655607589948175413798828438155584297245216357254354694419725213303160986433351763536013973971477704960004377699250017001006450543769722016020219392061228314754677
6879900122736455362738700162830596674875142807247717038968487311854852172462665165721445751836846471283725758138399113163313324216994946333388917655368851997726786337042730291070133729538002506180310064604130940729427046022672829939801122537405064728
0990912293648586377859207122332485963778098784136855611805629836516962040059296327870921980217859835238272105568263084309368019073407417747902692192558711371176172303368546028867661439088892491685658995837784531620200699802131430241804001727374058697
3879901152038475264718092001925364356697183960791575368958194857858110902232672802202172962353977313269449206915924832100021838201279416132103993157764814731124735669900177456404771759959808645920489928700132943546374869108164552607986940310407506919
8747052150304720111466068605325830915756129167776621746996274424375218423071023334650697480910611203440526678839101102235405961718099605597334737845815532132071925193126615833087923754562490656989881935633107144746253410302676229096836787048453497258
1926405915736828973134709423290067625159610571577468662116484810015213248728995011228354957687488950611203343758499126482959104182648443471474443093786755685291951805313146623133342974191220401484366205754092768811277971899246873636083744825153739065
0598603347393753264758906325439051926374656697385980215203949546576889905122337435461768190716042390461646894090817389144537093516383951134875175831243835589140674601064023140618496271978405724592718269435962524528473467912800692668113175274603356432
6930142744333209422073044500802322380363403140416711037571170168562891800493709172132728799071529367689930218223143506578879474460746011573965814482489914531167880274747373066989157856479076989296935913927197948898193063730999641120333715580822399711
2296744283561645701052187196119064332186711970312293840526175819406102038455167708797061520314252667781908561510162899947179859340248829619460352155877650118740561849951427094876007811472721139281246280903758244604996348545792358633865956736252444679
5012158511734309771232153709786201739193705133847596273839102102737485365708204192930485065769775045228910111568088079330217489494152916015074755349247344025045708173129941865011616890647797464305569620178355343204317823858685821066978172254801490328
8838033706189741747647292953700354657637500102837465563750817223949546977849286797600183759258200906504971218804935261126685365764885198400589647129729109869789309406419703589996534960955791868170790383641440363245645410926001623354158647489990716283
7465069708803182537405363788491784434815111838567199428410491973478769411894941237558835636252309548364064103358816073809447347912891102157701070156370333162516929887160469988976190583073473864040248696992071715312316030613243143516572819209182333495
8677284960316203048566973809749286542785647798798239237943881230194816904100344335433810306594333573302863105602177121982127015388951142501977361744418667259172661701394870262924793996121347919982326563677800414263748566574829507162835415563778899031
0253043516171829026561867473694910893741560433365202600018722599485605975050741784230282541133846727973250692845469483482288735879851810655467114391875900493187830810037901269473721128560455005155953635301112938485560728391071426374051657992071621304
3729745766436400299751797308843783204949419174021056225171216137325457452219343548996730309715219187769626582222572764904204326313033191860985859370589369862071924394251637483900811213848526573889904122132475868758694334714486465763738251893407735439
7191801144669082888265227137900290965822597203667998470879525289780644549400005810286626981753589003261843119339113990875287340341974630712213343536277889102172137405761768697081927354058778397398002721308706396031000038633463613500505945030437766952
3445175281165459140994118252950861530239647332113258469561962752018367856953985725371057144888058056463387969959946804512016263081727324853617185980115283572809708192734487888946994621298939843463483104210295405994095067149411883796702821382206623089
4152152425167717358340223292079355726154741300604825248719183789467331779916338351001226801586569867735518238011226391858660218233118546177840517293114794283135367547929836931338968584706941279229619511633233567163465970912851049006510236093292737515
3097777966622904479062632470306815517317198878590059782990067586770427250431036503607132631475266748494001426364554687484900018243061718598079193809987441973743206027080280218206232397839356564489515918228013528107638143692117867834932144508513269996
1138725285970889184081722334353677084910219263745526075819901182434485166758795132962543705208775013560474532607227399219251221986202143607287955796015970164006008290365185682443605195346448688445174537085344983815529957419318811027651936799477277969
8518936404433826321081424307087903743779406192431768238897611017165950318090416069930497862922611674343112029173829913525162615627828308773547203784766307568919340814616036264041520344959687489950237435863738297011121324750687388980452556352069884918
6491977521205032120741726663430773537444714550493522389270301157063392614701634997961174307546712775774267196568108142634475388950516263348586770829804142431465669788690856553066889914713955833024981941243085657205549077460011978086681935344759980650
7801871711239263816472804027689486643943983417922526736652823416799092019373895788771222250799981261732153301112533475261788192031324394959607185980711283441586676829355076981974917925931024681901541095617594106726104187504698492514979918964018512717
5113626331345230209718345614092368146742250613061986335282440679005215559173334937126577693842218371438081720354976859500172935798092061521354055697180912150186049319697099773136544316423260607599650773727254073697473248689218332771536980591107933880
3319717684732211189621254071226384558608103142234415965758194094651607683960972007386335637838013469364198195491528589296534534353190061693152174911504652648083783995462645718741148649218311260350966761730842867256572877203132236405366738597001723397
6889002102239748097304810466560783331251390437831514597141509194060042753211471500009273270699582788099242391985142484206048868608351167806386279873012369953999250084934197666051822344154627780900115203540768691021621374571889569412560427887953699328
7240796810303130855305833810506584431461157350260257215168715751033875844270690256975129164436922337314205739798600142036435564718590051521304559768197021027367089965425811776204013471083337184493032586777086216618102135909815716834275639813900265771
8263799294551317752391882282532062998459878080224714796962282115668948635833163710905011629354453647786920912213578859605102235485169738097028270829197091843581667055264793895923084182897667330374272729011746325175454015301814701388811212037153068773
9489169561391871815297768858149282800172431425362718497001125344457607288071022394651637488997316516920500555492105831173138531867518751349424157704845702255329630930881779905653006486436740815498514249637128140239484816952201997299210085935336517205
8033376611353579080009907142733425661768094021127364858637586910314293944556274899563053946154707806449564001718471769003997843295786509182807017355632146251388172321666815791232304952641783215316725172969042327771132714171488696289359165469813256630
8989237101208334656697283990915263586061826327688979409194972322999045866783898963585172197677559673447991422983548403018713441996897891410666386268643820101152534417289980313253041516976819304113142718293856251076887994718980647859417470127195844067
3690615760361864574948165038111717618332331174220000277884168933086477221546432629368372321496508565314333090728877237596802016381135001725374977839306192335445868768996081526367881947179023913889884605246773310921042545268051937624189908451231802576
4663134331171252274283263845713479601638883053995443870177369954027939340934603731630021527397689980713233748708898051727327280910706795357347081666945613384863904154641773117169411221235912773749592044050981013509210354331149014027276071127344553748
2950518203648758290023546738698977004910116558682099431267581496842543995433445230355011364943828951268041015850948767160396306183753432611148539536071562809687211215988169839832485897216789429041729384971819903132735477985970016243543749054058434514
1833308291807268348401764173305316892367349957607974188217873517617985324498990679371624012246411197426316149899463476454012616085207121571854238247491399303132632455477859408142130406479819401142738485864708991777113307459278409765691610398423926368
4372357349248189125179069749003466612723280936787319614049639346027563141011628354952677485940616243740586973829008112933475068768890462409265796492168579638520775121956370571916014617445915472968152642447821052902822830660423139122045125683983344053
6930521711216027163716803659043814031387286140945320661843478865171820717203546566478860815253647586971869207112435457882018936985369814296137712283451976598171710289555841620037676568824948591014569781132455962003068817507419538725144304124811754172
9473409050954720165468381623396978726707113021126354959677984990012213440586684980413203340546584790549046046796328374882728963398322228444510828031710269461801822110969967658359639771284398871291599595606171498802806405769540439749697370938130949925
0437799710118223341536678829502152739465161708398011322314577839327277965477339514017800653297724366221147870999312244061787957405105989184082007305412886641660761403991330203502952858590453141298253577814366193471337857062933932714619931404031829324
8567080900110233341556579840219244451607689849896071827457140063486812110703455805052972451131161291131806545934493230609414869082582066184197699199821627260618545972011350755518900387795710924783664738408365602192830465973880716233243758390081923324
3748999707707331389972616866153417734451680649216495301153069478296855929120375666637323314732721336887551648900865858307872540347416766391452891952501429444067119342794011527364955627785930113223147526170859808162632425865738594706144015680007936544
3326025127179949113244462717156465703989880012903305160128969466408922867473995370800592055878089914832808254557011396893411671609132347745119719006708112236475368708497051421354652607680920918223946546577859306863098595826618049991073132037519065991
2151628935066821921007070518927918290064878344050670231698274074921704530795846314923831754172705265165423005090538335575006542838164319295822571761100102738405987990611253440526870889904192135455668738496164556432631310699504337058246067870196595142
5973765243040688351782238891227975581857412751117093149246140784121784123949622836419096087555103543258967881549960980465360659809911871669050614213643566676879207192336495460041124344955697583911948553938079455413709874363720779741164941022923065293
4436970243784192592898671147317190236462960447741287147259927772389671601665318395190784481956394310808673309591388196407081529334752617780950011243743697787081928324670809732431543626972313222199242793752419314190417446308211570560004260264832694273
3726791897086922829928268424545070581038362638950720739617788391537925396945708782770453715081926354750617380031228334874809203152830445969889019076834444126801800634895732131399124069931309819572439196476317382480425450728708403740869963327428661021
9038513687120967794528198645923662582197359547631530115368641984050198966819901192237445160930310213241556778859209172331938218059852715011856694064119933888447201159629897584936002645050383633928306641308046022141938287274818576072906381131722547964
7316652362152529543197422635006192536435962728898071121334551677080910119263440536076879181935174033613688849187365536848267586163440742209540013982733243353597789429191731912738136438564388809926125011105652335889600792137495653218456476367607594118
3251220675034457096440102559308182338415661768496091924334058687086970317223443526671796544310965666097000910359141527693506481991032885777831641875187110678681667023546638991261374485622725524229134922620578371477713830294618117145775683654412893014
4724230209923073947580203302285350012263940526075859101182530495662718397011028334353607584998193226010756330534080296140732735405295210232907434993488724348908357842762925732665571012639183322783611177107875817862311397302897326484785001451124164095
2166569970276661010041629344850657289920714213242506272859605132437415564778894143657954619797624104582368624963683534899795049319224517444102937589016650714010026857426561419885163400644733461810333734200659120685183649001430561139221039451143460934
3833176706234035767252703122435435462758095021020394758627388920411263249566279899726491957631714748255324169790233299881638293967572271814298600625938801335610643819871217319892615737235224661559042228023531006560169233761900217293243526376849509112
7324059667684950815203548546272869248708868304906977513903885497739039893681741514969270969271017171770254222964050834221740302705575666269892754252174744309234121323734178696651500509460988002300296693107142933415161738594031131447488920311233843778
2919495855001797254769392487707481743417953841742968942158261664455383754245973245104813704867240935604080247692274668632158237110431602005102131405965748691001427396473041923344955687985921609643246412685100360722436369534389213532535156377327085410
4207785067809609434234984610259795814016772219771925569562868218610745655793751061016378446994155118162899207102732455167768097021720324051697183910912293643566070819105857288919102104856106675362399075160713294963388946471546830540657460432447273423
7271855580751048942627303229231404181122229301338667837419210998855072786676388228249482029880704162939405260869802132130445066798301114052677183958674447073359182873916592074412768115826445857826446454311837450591182931732693536272869565131338617675
0658116967769853972447404940901387694380117031803480113044172952908612363252498920517253341516376819807162636475062990812203948506071855777018546012818072184584243186615396895387847947548853827717998567560582842819068927162146614792334646363211205510
6192010758819459535920818273441516770849709152539457981930618283246556773899162043842104707846644504608718074729101409495764926065585539489854204761438526651348170341765845398252708992747665524163467632817266709734472829625935710833955658901069995391
8170011263741526678829906122336475760718695021327324778859503730279813301055250368584154967108102287631914015235199839955413509343940701123180162243686975465617115406225951656505538174284653072099758697211342661236878877105142937405261738099041225394
8586579879202122634415760788396644022614773575848728499259632993783250190860450610914014721695732523581030558483844125234018231652873181187177313368058029479667846196581457754132965721697800864994392976523327119902621533671860217293548576278869409132
5354758647784930610293444506317345396411274134484398426913085889774559021557341152534539314160800208371531313825767410138073571649627676390024605681903955812357867937832095861252602142731465063700313223369748698120711293144566079803912261695254909989
7377574991043247527528663064304338811093704477247972296192853781179176277353668516273688984269959387842340145636295061219362111010512213046708497081425374876889507182534475362708183075968610287092030779749701571194105054812725672153234391168977442330
6226609849841365448831356900563413362373285124274517626280104157177975594819860878621326110209280512368254080590215243343607482071427374351859004102931495163758594091971995411889741311679872049366996985088696185206731923122117440848297043037940751299
3451204387678748828927050571326633361620321891964140141341767179105162738485663758095041226304375869406162336475164738198727177371788796202276685382282101472250774136009446343445584046428341535648145077156808333798099246223593618713894189295670132992
8801848395428912391166251889049235307142034425369778190061721304756627881910813253244516676859063472761417556584871809627993699348424059088005761041308452962503452318138401656370186390161247512178911711733805720069875657449116289437854182464729581046
7994167253270189220265731728902192433135160788802142337485465798295081226324057657880938593286711756134544186276446742238455990210332994696793794368970194594825484296194543268502556742638133028703119920111790388596087221534510573068271284543860113571
0126007014495815813666401786512170411273447516876819302172739415067708391091429374576809205718444148789123411863771943748798941748393341547685064737119624796269132503261020323472075409155142130661981338005340564166795589147528860701718780814263243576
4718792031722334655657885970815263548506079809273737637073019857965495161042768873923841718762501751865014469494556890162283616346354158848037151828335718393276627523416723491109096610096317104435505982185154330592997470923921965508797452155041824384
1566970809000142731437787990912495365748530481440606977333041325909164567032285225924197002260669629184972723959853404505068761638956368651013666768539163591501653580976311079690919253240506977811723345662740415293545526686180123145665191376815418667
7013234002469918659886286939776182319151223840453736553318917326409478595457621781486291475753923014767618650918926581400560232483292642552096793021526344650627883980817263843556375899700122233435161758394757873300736128870634150690327658432278311197
7250677146808496646425181086721323068521486529644027158898436718594206029533719733099109790650999463278074554099524831549345625934307269712645187954726590419283146516775869201152330627688061623317688991889627611164737717985923565003761418630141258930
5451976985211149981616308128188332104957445548638508257447773751159310018293843546073869406102038475564718892091920395862821148594923363102534137088062730576771362992737602339658254213782122692578486701176101608334325647744257945299229789326816610036
1825751025931527646815493619830030168350057889516811769060415283543506670889000112039415665790914283644516278879364432969487252557086922891369720019485065667051105206558335534820609524230461956320089692571121289107210378252412403937560734812608446775
5152661781590849743929768253176179326245337708702102437465163788199081321374571809104142431475568728295019858039482984210727639501107017800132623387538326965100291021375633226341892167164894339144209523666971679504747732027769357899989021428354151790
6122237671528354952629199645599243313201121163628645533006742065591958010744473071462317393069259398682701346023792037723179219521274291162868800112230495967899807142838415461798293091620374655677384970595472843165869191778885731446077073320669885588
1608793947877271011142480736450338414316508408595429278915925791786221670723022054766649941298124511100560730413299657737403402649103112837425668748596061222374056640119263543596577889120182419399198327003787152729296427706134842705182174199804111846
1634563055959333252275070235295629220692411220087318634088974449753019671020640991561227865883359281188691500351748021922354355617386950612283341596476800213203510506973817909640075388562761634739979470022500369449450645823988355189181304108544286683
4428508664085173144071191283379172573298077021096674696241722377902211536497624538914618456690685994496296505142034465967718793001227374957627786910811243541556178889503470219799656184222879040381776842646443638689093518569710866872563319180681270458
9839906363395079846150039765382787082289771112366442831646906278010601301403311661291011920324255677687950813243147546276829506112732687580968811007653188061491096348345427105179927827683245894620064525532373289184106601107056426141739278787700534628
2979225459949336829265834285651971069550113203446527084001522314255011829304559612819211138989386317500737259799591487805344918705488194696864817836065023955537698689429692815220889338737028078489458029705044867079116642261833614803319093712410213253
0445864748190051325334651687188970119213249536777839983985575023215698149177769566972801744085509159623352334585670834096947017109687354080693680019369281509120567203184900876293141875147606764749011271726605336457392400709509300112734495060798892001
2294353677287910711203145566374819589645004618296441996513400408094165055241840097764011484974278610483187473132230154826060272818647782354623366426553173298215972908121133912300818264056647484970512283840506579850712203248596276879072209941249481455
0898407365547343646625016768948587237542534646778737965071901116453542499391741858675662621956359901725247998709084947905560932894563144807356523031437110292071425345560778495001642728093091544768497167197591394137786213663919159896777016882349089671
3739644170935827477857966682585126016084335106513980412223047536274819303162232405563950013283299089102913624798546681702420351061335249319610619118106467770613068047746401884317614963984071726314054617789930911203145518090071322364654889180384170886
7364303937715973488417431049565134357456721076924101713137927467654289048588449280659121670696262872650232279794301214120510832393710809360150659958353855159810538078838926430061721377081900617263945788996051428374476839914061528707530212536921870995
9772794611831753896898281868542772214978374858800719454016787296105182235435660728698001424314252697284970116273141516079859005919686928946127373395613070828747983270410276737357036344169686243991959009489200402197566372317724267321830941873618642301
9029369197352474577268243898943899687061024324657607289980912263942566676839200142239495962758894110941516665324845218418026844967226323494240891353195175621341967783675814907204506204377810179096790362744065173531801861262732291759753839767502861278
6127954557531580219103582409548531884618693031621344456729108172737425269798795081041758994821902935774866493064014903689414874091999218370839961026252563037354798440168190001672310183925727587600721093066887617569592397625449946356620481172250914283
1455369728899011526367083920111213741506578869108975562481890398045417904149925877188599264066535313095928019420769110601622719143827717172087009376789254391473064585495411275091320314554647885980314233342596477820610283045586071896324781350622155015
6402302820712243640556479817818797104134847435273479475216737934399068176940761340345663675819733148843209682238667522566986906306834122352013175661755599688029402132234467687990713250716521734950297791538689628477670413383337814177895369812674935938
4160615283841518195081524344051859109132437425769788297362098372418495559273729103899702519991781817782190604647151096311142259097887424519825691093675176028616717378199915996357251612923089449051526314356627283931741780218263542516574899331771407765
8566716020288344938149252354798349120415513634897469541142655801929994138852828152614103495308471007948878354086463387667979444891005152531465260728297091525317080940815223477839416846074141743337975859231680730624572586706318836161453970496662811759
2978569658984226730289400335482375384527572071120384659617484960319223645556174839101102134495567758998158961792577191946357983913962043540884155795308369821823914135792433302480792679326221174935114129880689407010614884781812368382193214503950031744
6588935528254407864502624207171095111573107182655607981940414213045506576800614273547536372869928157524570287032175858937086607247261621828828373754972733273465147333089465945191293704535733036062655576531195021589997814518056207936986865767181290859
5263651559844231892489418349022066803450362031824304463881120374159627795112635445460728465610720397341721290197418460605127856791039383117619176473903256907899946315942871657086269363288164376537028200005777193589380986989213466172893215723254685426
3530316223641596278809301182336465668788690051521374953667682976420721458682650035741210282117212893686771471710013464042517149479973276055319049339008887699026238074162377009114682891223913110834728958824856362992095640555313960301927590033761059549
2890099061524364151687682930817243749758290051221394057647981949673461454858106903122798815621304475035914739492702590111392195106908171888004071716133690577375643224111853978140167731626528110933185268886711178912007132739465864718096061228304550617
3051724314350687186867047727537938010508226794826664454518166454643138876545910819736613633292361959165565930398714675762851394716485317844700992010134719137012702180218004205170842799122026526632922959406112437495462748493061426364055677904162939455
1617389937349398859188351208868169923470694963777118842492578568654332829045183670247073783110034004174439125991920157117647035326324847664489584832894615052935637704631670401446562940611123021190809172435487486930713253345596970869206132739415477819
4856153016186904013985436034488971840015858490673650910720366829059487069018312717510302739134721080644993688477525526733659669352427426254531734349578807821215771918121133016390713223946536374889906172233417384980214223641798292777774380034158070694
2022962893610117473156105456749410668253419346087599048097252888733738898265238197931961995966704944630740040164533534305281688974608132731435060738995011924324751687081990814213444526772859022227765420857860978325446148107552975203912707696961229446
8707957405801101797062608335764128863406801694633943308035227508781879444288786505075103161994814397765923239754112991702630615263341708291011323337682960610263370829719876375277812144336797785993866063767108043533093228538121253900748430893649422261
4749154181591896862980707061184416489832961382190259308357444568836598859497163542329757906585933021221304255647382930518283149596775819905172936466378829063257818576726098116711289358772117979021844417549469076296258389747389208817795083401416435770
1194981811320923988928329866053276628680558383561302179605390850093091928304254697589930812223148546577829201122235415968738294928763529422364434865017542633061923153421635539077443694604599390893712764276665306616522096236757345483894218692680198533
2818474144700488155213395057126109611521279408962182014678885041427364076849501192937437882960213203571839219117448831951772983623937896195157425115810342125300264413774659306461841006311286994292731077622922338450905867684079782990428031024324251637
5809309112237415067738399081323394450617683975483734171793187833616538522736886674344411684819711292165989265535036368580139474658230704772039132709735022104130014064907120945799220066624632223999701102538485061708694061021394657687986961500905370541
6846791024918983586424871081024708529589761036351503239339686194300641104096126141237297574878676884264097105376175145633722343994132642626533999401371225405112631435866778308142832485060778891031426384453697807760474863200025557378083138641926019870
9267932982857965243083039457591031896162071991303692748023955696258667612494323692390155750543118418269397101915268701532892165236343277780771206102937475367778499011220324954667783980619273448596970849494735428940513548684089434277687456711034554339
8055605176093311265081016810644797764315062663413883750697656207417109824838239350517243347546674899407152136495064758199061220394151647881960904722744296753513170806669493125613487031447596041768601321555491392122974001537892098759540295381685456979
9148620951937453514019260396587710711095483257774091427354150607083920613263846576874809506132134485265738991587772760140083211809424148665544573304817886798154652546904193864448992815326170570225856676662343838107623227925366482571340950153046186870
5882835974737701672689645289190290681500446914706751335279906152138475861708698091928344657607282900513283762798391864208037027482960525935768160654135276269414633828735091941778109341992045442189310227407113289249726717497980442265285685953919016125
4796585219411312536423311990698586731618273061909568023757109192735475565748498041322354957607888970711243879819405915352689389948873733951160624277589280114206539357337384263646815510883230110766138211873391632971275668046301546366192661648292376945
3408686429304849389053442556873869311071126344277859403192536485368798292088974819396061946581866279669713695923385142396643359015540314274769417483879672318505402550282476379022849801828253216386245946053189888121359032375896663872182424824248704091
7263240576008122431495863728404122967798396062415675590375502741113523203759663126575499255759487516827438518529721248108634133381222441392649038420431930920731215097662212871660065994780493333778205538938076088347081531884061521334172849005112033495
5607983900217293248778998782890918743063053443332446166525818728041577530592431656277750214051064331545703084632125599818769577979211048396338645631747003269438813301402910718213357698991011322334071809800182437487296202071624901800657247426356723167
8719799102244687177594652071619962702351240086949369430010355208983828254587712421936839735784217170060061022304856637982940210203344758890021827384274869906081100115334422643460703699767645676352120304549911247007672536725371140490095148335377737998
5854572766624119582748184213795373454520679935405674617162680195504162736485261728096041721364953667786920219253540526394644746356028314881768466928136242082452300151628986781192402615821725038963076163881199756011111972966064856615100351081619034041
4074777352865564174937104112132415763718092081526374951677102192538445161007656038146178880153518970943450875259580742247748595351449662228768660499527923455356060012124734799561529611180375902066015619869701514731324415260718597061328314759687080990
1132635475965718099123351974816767224174285279635825043818097349720557644112231951864071721885812158054664678316285083178440066982963526295074303651493250394571938706791477472603109556526240518758098091227384654620714819387411184861334138633390796439
9827682127781775911625204975009221986070312606477101170071427374953687881920114243741566772880819263341586173849675034205634335344685798361938838222987412600151122966982122919056896347314863789109152968024660542560532148063705692953109301843480747942
6675742769671081831415465778605122239417386970214213444708807536787369608243031329690566246422870073891618677304101431469768540986558636476878216843275711456025523443519822095975926684245187618413099781321680475310916253249506278899501142237445066708
7950016263241546572839477450648091774995711472184914131157481254033619092558969770264872964329138298068187048868099073330910056205606944414093972518976718920987918206548245724376364520103725429891362150943331260179001192435495263748992061420364350657
9879908102739485663738253016885914713900246829113400953185542047369011379066781915849736102891471701033203015020278844796388048712758633461904264910023585310363591728472272859789322193601182539405568718594001520354555607285990415213341516174809885995
7700139156688451877635861492974851636200050021798293122315157749894731716900273374082613582086422110319036820388497047722304659592481584968616175981180221524685230447394470509569100152337405168758192001327325061728797001127344450667784940470077680310
9085353358080198045996218810620369040142559918893493906383741700114921020789519096624003780964725516561546677124148226727991332174183633772009456607810348327682860207280720514243047556577819907142939447380900914233178819708556795033136909853664044229
7638177991757266135430947166942936552162362607584831486327876120602512383433413822099905327624686225444711429610002162333425568798092091327356671889006182539415463718997594485764574713792858031115188277445286847575181624343411887775053158532673130252
8639695685059393487116957658010927769823178477106990109347897320822031007150146031204437795240064216028299893011621334552677689011128314250697386011322354357611474430761451041336825334482798368918432242681428058635505220415112199668119261204645923981
5573294397310893586149457570410159884206909475863560037108966775894340935124108429279362761584574947009112830436279890814203840596878869300152635415761758890604679473467263647879928228755062604171926986582142511036652289471573190358732871197565706111
7908922650266520136198669725597913200301202429074372968594677957506304055677987920119273072043676829060044300816789727095014090937642003150553188982226059370361630676821122961042326809953126486040107172631445262758802182737415362798492051620317387954
6999880365942313261675551117487475071365221386665787301100718699835144076348468242597165093182921789175979013058090700530881344053763200611311609900417283647516772849602154255667484950914263647516077879263897282680414785324147631025119665913230126314
1853530685797983239709534431674369165970699620465168254100510019651940323114196628293210419263744566371879001122134485564778696021028314451667781901162839594011726414239774049450734895582251679315289545891215713196422133517866643954992210604484368270
1218708608072921794296673616187744897201134310559528903337198770726729316306874860330593369021728314051687985950813243943556972849801172032435269778793690681022636779642701696117310410103421679517814373737126893734934082359206809809546345842811509634
0356336398110437851702425010212777394519787906789842434691222958891592755206122448145625516203944810617273940596078829706152039475164889658053512668349107161586741257787364131497527530315992138203050567682409991711497873842826338856904110066293182960
9712831435159278951456269637796128324122869573147799045559605122939425665748891081721314355677782920611253740506070848174720815397150208304795991976707954218105588508169372710243385382462586182267945861108583294481691291097687299661072388971249062578
4705235930555701461140794303847470761462732430907270913213942748294001824374957627881051923326791601591949644192055020869088117089819292321592711407318739663333516030252686689021723314252637586980916223443546276839503112536416776800255018808269346781
9921871184403034118705477143931321967947248310725608716559908686335348318407324230705197073809968858320372497885429622149824263510413203549536175899504142634495761768697003249526773889290705723980313538783059339257180454257936814034158309742280551091
8639233209615660018168404407473690771375842224113813456687509627211255688199235832188817217789127061127374759627784900514283742576377879608172932465467758091275815674930969006917312654232632625010183225495836153760803401770433329214371624571737327069
1895865453589228436879858890754487810381577996228099310703885033692156146352211886617565862560619273440546874809404112736445064778202142435465263768529511368433990910396731362453665262107842858968568540341107147304115397647787600938459664934862681358
9965884433213719562217537359015433199882119826747561756526159041923324576889208192430415567728198081222325564778999365339219238221845302719379678291728839414868177060979798377671448601425580603388541491384675890030209387911622063610941584217398262379
0985375895961457965232908994900132331417087990119273442586370870716748698699066179699948412421020925436094591147316897861088411069016235143727328735527154947310703855246778883789768391072936433372861086886081021374953667181940219293449596673810917223
6475764768295542080187822401043134498618145543172864232315868730062166887710019566402066319548046293394766496189202617111203299274356593473158726293709299545937602022371469192238699118738893368760140090611233846536474839707102533455168798592021524364
7526375859317084760324341278414086947977321343391290795313090175527381767773870834104294707294473800976086093372240886904517857110384156478279576945161582860278015755654793255081911318348944650148061809800152732445863728096011726304657657582960019283
0455667728549934020914757890939535211708641527024316575787665081605675559299032154788773087246050237495799115048091780756003881496829094113391904970210223443576577879508174455697585960219455764788999720667047034896571183577987542086946915164592191845
3115731934655673845870265488216314905149720397324581577288077091490674595291121367809291336513242782457861863885067088599489520600215253246516979001423304658627580930518273449596977819471770047083314879821128864554472304115866596104954091431694983968
5241105772356536362683336301474252178203165865418469109520967838704842139964833741275639643229592220289409842057213312699011726328997001029354754637383001422336672829800329054608742951073112930519766991528077826928297037514330036638572429275578017521
2210026433605060137587067959987217575140016203157647683910614253446526771849804166572839104576780313735959750634346750732966597135629666372861363788281178933731822761156049284301887401846399178190372390613283948536275849700142530415363738894061728304
6445169633049238011056843977425313993943132941358293817677539708341022143092549708204730260983726438362031601841369782295759854839268582569258915785851733202101634864498521985911427125664780310293358647008182230115260789382710827394436865813572131021
9226431097021601708599496813219794872440107626127623470724145338999630393563717387227159610521276438965142715680410223876829403142367738393041120397954757877311792241069567417896195130316356780945126187751696361321278262438821803648484018921339543377
2187191482792977211389607112733497982920510203379859101435966758499292875644170385041198807712028187374939745617972554853019407253856641284660662888082443783123060924115766793373870461190100663091025384153647504172237415164798598031620324059697081941
3784883185261577021816536368864534306961271259213342125320660403473649309821549066018226396232630515319007275956548780722344406008786835717357744968788930092889909216354667773564210360617273243526179859306192232445964718591071024384654637880993740104
6078468485249087485777095084971412904568481884004791936543510605938807730156089529723270391214664532174331337606528192069087778457143849427955014508633536807939232151103142435408791031121374258607905172031427984900752658939920422303831939855604645285
0447106389962867596155122663448064812685910246069718881198435771628740470081850085926840243948430158822959651478622587119483099741522690875031228356970881820314776829007172030485967778790182063513904218075073564481641386671213292122711219264071932072
5547225921697096701620128046513548547360219408588465278527481384580845528907418348914047151926090457173929356813747453420001726324351617081091821304971879600122435456776088073839516465116687131259102566076399692388710253056065048003048767091463573682
4115788426378032194334246851522243217783941571898881015092477668624874740262182010816253942536377820713273444526272809303152530435568788691075131950822323338929859694721319164837394175322623041064017674190625412296060758310833878182471105600532493883
4108290512369448925514616711642329110296106763106172332476676809400132030465465718593091326324755657187950585708296950119435913697138249808526879389792308117219162305609554202384173769518453578652318535506520981466822851325293017364152119782131154012
4788566822780434524248101001829366279830119213544576676849508182336445269718395178664164396387577971787487827280156866214074771102915657038386057672988766986929858337700679403101230291109061728344054607488980710223544506279899107152139415264778992725
7541198937516039100527910762628346084048932220897036319715784384474616230233146898272130686747956952083523245631610465156084584724698293369412348135645240748856410903724020725536896376034600514213244576771819102122134415468728294031329344057666884233
3728962648105147211743409202809205142166850182409223840873488573569569685107590394419753896617644923100906504671007598976275213031606994650720325149761784986885403112338405762700715233842586476870212233348566974879600790173873804045358378286108643926
9188408297637441927539685965640343244739006139813257999130066254509394262685568701740492564289114513517448566317106576374153784276429624629748479011221314358617702172136405379829403132234495964176207152742714640440935897454832713793254529714271639836
4419643912907004843632657560229658216159521687865648873373706557806217274820134533366001822347589021524364253600918273177931078498915613734655394143230056143327264928312480467689627293701732522314401008559143071479086809003908993032163754877570011223
8465364768199021820354954687080021123334851638639437880603140039275139730834176370895906112405646652305601719157127785120974053834124917909037150161478656363822327787246012845265502393236188119075396639282568705390989399507122536445166728195798398021
0485169758691442760151876865030780105216794898498967477231513098993251378290068825207334137916000629103152139415162778898001626314855687583091227344353659359056887914715935532048391154505545974670917648298514579640980167074183525391349270709476843933
0894478275562396891603620224260225551153232952159709688271833173306172538485366788192091621354957607481091224314753677389902421716943015681057530534916810957227623326227147570931526617452430414199383052000395766128163436601902267473499370908552450848
3869645384523848150597410306299413680776890383778441298110665011727314050687689940619263944566172869709162836495868788691760967097136846175133579967341042450016647946526988859389888344309544180613208603549031093233374921621571979228177001890664798291
5253770082313513648762818668756048493236201162530435869788390031425394555607180930512233143586078829175006109773183751237739377430727590964409788511551363145095843896436458500674685344009179728709218245212752985790714976341922012203175042719301622518
3146286526408889340972908102938485087920510293248516873869903192430425581552219762146104616459668864155387481463637540667166588700011586400825203611755814074639815977617263342525133713019832528342079429894278719843882356272094303071725324858677289920
0192932495768758595031120364556657985911887677719154230799036620239664087630210115993463102416494157190591614988061669786878720774659873856467367592228287573190716213441576370859100162633465367708394031125314053627382903827903327144357522830271738947
7201710888179881204096970745403691719235509700441451083640801073276176745276448574917358762339896549237788350614174632221009547081529384157697385940010263349586877889709142837455767748890118169791317493477718890326202386643884050735665073299288836191
1519542350342440893649823261579975910149087676595070807178046648089296237284804980339704452853757805440766227247575055416513403162534475663718598041226364056667688980512273048516379815021861879254612481744966287533070813939536670066418638870051557650
7875802661859864926309375679612970363761122319021425951317757351181272635092893429979070829794196902486145162958832833066740645060219273740536279859207142938425266768198081125364450627403694675443662263247837981649189352824418256695806250215112568821
1270863903295357713893180530614129182260345555903351786679202391403407455407090780710213479899508132835455767748798001422364551687881027551038044138281143818813976973703964246047549218371294379849338154168592720245864788375571260409927923755306567030
6215662479728734299510324253069118930830531580100681766915139964056826878141671081121354178879903132636430515273470839211559760943052030179946212677976922046848307634713258571171709706902122535465766748090162235465967788104122030495961798093824104017
8236157593471656541392364604148368589300818405863437789083415900592102077091539872591207679914424548368509992111175629112392631433611943365887103100852842379720216243141566274869008132637405264718394011521324557697387988076457379379687873217518628714
9266619505982664646401487705751148698193566363922226190996056513434871964821996746286317743780790060432749735052801110916014106100248729329066427692125949102142238435761778906132637445265768303122030837344757491893910598048266240471784775153169718346
7373624216792986056593932851571628237764375039205092270961803120943031601477593280062206422279699081124314656687883071125314254617681980711283842556278859381364976856136440393771090388043723302984659486728026427151713187523432690485281462491770304775
5187168626981205121297975420820442238303113899563150455926197845887565982073204816833051228384765718507132633486875800015253049687482841372214914491648956983437181473931687500611161837808170984510966155989412837907769920664323476563717882928370523984
9937400072473429295208517596499833288346075084500041721354151687185960612293140516377869702192034419015000533601444322799172313249003143902622791199608030016051543557687384670141502705291994879508431444430293440586875110516233447536371880317243249516
2700298580792839681481270763459190600051623693437794563686343901493558325080416786433231675391134951774618642311747095435649765127340457825285572965842868442028891810712203844596079899008132532475569798793061224334153657283937128984520998443528281023
1594638335412798744577228646971787908100211655556209531184489857031862495112566569714272376917593981407987407580238874961184332622009428714321600910416243148516274849006152530425061708090031025374559699883470303772941256852543975816062473424656038898
5350018434070335346139715291338962879799844255489695258989213135977669117332932109803961302558127797700102730425467748798051623324458627889930519293746576974845228811972294613471848916587465838778648363556667301671068877209165863058054016212538945233
3967167931592046978132037942748555032765032148326293503229841990226724093942280125669988231813868460208102034465867758096071424374159617981960018273345536073826404304111460482674153420173817275930542989472422103568054918587400377123752103816583786783
5106981599520200396294763532573371337696727112969082128721733754875438696229159115469893458698808059096351710061821334650637888940617243847556077869304162838435366718994755452129792721804970071137739638903833124089201641173538830437767332937849543848
5711202827772902932446315154453530141867247922233604610224010504421074680611495362002002252689038623964021323394571023548710911243547586173877322481340154594628347553874884062780563156584750700096116582338927864991797016573215332102039082598449673040
1287440939526918636687804480300122731436275820110233743506575839906192239445567718717474727393706945249330385406679037879186499182098366426314163887521308618229456858676127217120437482562427348237643299225749527856117086281595602563158917749809760953
8060068340551889718871866070014243841506073849905123042516271839602142435415264788493134144353707905642300581420679706899162795336126374165562835851020905289807011751414364744774528732598287395278767158759560655385997794383936791070360370354879719851
1010215223946576477860411223248546876849202172433436475808627679463199995914048338016481026530191449915784847188978660888108026632408911926534951607938092420247652003057261548443200008451437492738883779962381571956131351605276305596385743651863703152
7304657637688980811263844546979829101142839455366758795008274849992051640561764703129920550677331979938871923946273536831540353450837497571904035776426155652055502637707219034434784132726391836647834926254169583131453082972836469854246202184090612233
1859803132143556179819605182737455765758297365131209735281744595727382814379779241824879219898477861209026475717751651952741028550677939301308446844614896259900706033972186640206968064456421431886733959553953176692529070712253143596673809906192435405
8617880940315223744599717345194421878732819478832892499358155428584904438932151744014213152961567091400072786752054151585526144084477316880073772480364982064598768990747036410972808975310377469904683307470613900576929250117233549596774899301132934425
7687381920710223457667083869350740738114217786756644625708218364435762051031193293621355752768844929871171090017282338964398300986526190817076421348497077321354150522581574860646677921980211926675134447990460908559108162537405961738591061324394156657
1829307142932415061748199030017051425795639472647490405679461655777342327324447961741017596785767223715464408959662188031387832968781996487858748797567211699807181807626273297323509779356655000691459004810182481256613500416233848516570819605172339425
0840319293646516379808169540568879046189308478197194908531148087067001879076487985478928568008112777914322538174224080870864564459235874576263264946937292045669100285355113338907785752420978121133716380017293448586078869101142634475565798895051829354
1506675899602833191525129688347971277102937599060931518132391536688182501787054852897837211324756680738648072064120727454473947218714501722403802030231335879006181673241609493832971791801162132497282980911263741556174839503132932758498709356038032564
2872712062557868116621334073564983770449770049774779156776047889765934717220766187423406249625308231708122213758311288822769232920412203949586071071820377286920315788898295719674833909100493467020883908774040445144112376041747209908943388131865980471
3729626069013763385063887196141396019535267590910283643536270051521354350657807112831475274460446051675591347264433177388234942323960677301226432993825851271023220934008337870757212132462442435656451745326821761100242311764139207172538495863728607112
2304959617680900614283148526872821900405567623843461109614892702334329821009937339113532937176779327840224780706932605751081672979589652628175573501138494518689012345678901234567890123478971562548171838717701444449726543879064637014881293184299296053
3631250376155990123456789012345678901234567896823746866801717350220254151234833659938137934173967497096061058501094597196892850123456789012345678901234905683902333956442543968791526344164965126678818371270750015004831829952648254171439712607301234789
0123456789012345678970607373797402656529539834054634806481340192379125172870196412370213172168089160123456789012347890123456786426475547892939382050704265353800341530830627118171389767416751719806949937192253782345678901234567012345678981055190419384
7785065533398140610062113288784602036871599324946532559416501234567890123456789012345678964264755478929393820980560104265554341530830627118171385420976741684751267198069499623719225378012345678012345678012345678921213998537077579947034144758148418664
6357259262120838308749509749162761861036214012347890123478901234567874318619240993779184758532205860381030474929121716733628764988296559537476004669011321001234567890123456789012345678942021596593507115307961674957985624892280643312415896934039027110
7622760694843378104583068378578234678901256789012345687573386540932230643769223550723400518908965675353012345678901234567901234567891359417721483829385488975439257412360100287251185640473680376926586904061920951376948377630562201234567890123456789012
3456789566083794719171417571331697430252608481506634757220017795989683612952526248465012345678901234567890124567804017514284317824336995867062639174889030529410375877829551264252360075281610431619012345670123467801234789224073541805272362177924677599
1864609264390889471369417693374191060124567890123456789012345678932932145523213972128918870677875061574612799038441865003716426604541386399593647622094012345678901234890123456789603414078779049405859884071353165387316859220924673136621260789295183568
